
strategic_region={
	id=230
	name="STRATEGICREGION_230"
	provinces={
		1560 1683 1719 1719 1734 1734 1747 1752 1760 1767 1831 1836 1849 1866 1867 1870 1875 3699 3719 3750 4029 4610 4664 4691 4749 4759 4772 4794 4807 4820 4839 4880 6722 6752 6767 6767 6827 6827 7306 7458 7536 7539 7745 7760 7771 7776 7829 7840 7862 7877 7896 7896 9678 9880 9910 10341 10478 10526 10569 10587 10595 10618 10685 10709 10719 11667 11788 11971 12418 12516 12550 12550 12566 12577 12588 12588 12597 12620 12646 12667 12685 12693 
	}
	weather={
	}
}
